! Database Title     exotxt                          2021/01/28                       2.01                           
cubit(mesh_2d_preload_test.g): 09/02/2022: 11:20:25                             
! Database initial variables
         3      8.03        32     ! dimensions, version number, name length
        86       128         3     ! nodes, elements, element blocks
         3         0               ! #node sets, #side sets
        86        86               ! len: node set list, dist fact length
         0         0         0     ! side sets len: element, node , dist fact
! Coordinate names
x                                y                                z                               
! Coordinates
   0.0000000E+00   0.0000000E+00   1.0000000E+01
   1.0000000E+00   0.0000000E+00   9.0000000E+00
   2.0000000E+00   0.0000000E+00   1.0000000E+01
   2.0000000E+00   0.0000000E+00   8.0000000E+00
   0.0000000E+00   0.0000000E+00   8.0000000E+00
   1.0000000E+00   0.0000000E+00   7.0000000E+00
   2.0000000E+00   0.0000000E+00   6.0000000E+00
   0.0000000E+00   0.0000000E+00   6.0000000E+00
   1.0000000E+00   0.0000000E+00   5.0000000E+00
   2.0000000E+00   0.0000000E+00   4.0000000E+00
   0.0000000E+00   0.0000000E+00   4.0000000E+00
   1.0000000E+00   0.0000000E+00   3.0000000E+00
   2.0000000E+00   0.0000000E+00   2.0000000E+00
   0.0000000E+00   0.0000000E+00   2.0000000E+00
   1.0000000E+00   0.0000000E+00   1.0000000E+00
   2.0000000E+00   0.0000000E+00   0.0000000E+00
   0.0000000E+00   0.0000000E+00   0.0000000E+00
   3.0000000E+00   0.0000000E+00   9.0000000E+00
   4.0000000E+00   0.0000000E+00   1.0000000E+01
   4.0000000E+00   0.0000000E+00   8.0000000E+00
   3.0000000E+00   0.0000000E+00   7.0000000E+00
   4.0000000E+00   0.0000000E+00   6.0000000E+00
   3.0000000E+00   0.0000000E+00   5.0000000E+00
   4.0000000E+00   0.0000000E+00   4.0000000E+00
   3.0000000E+00   0.0000000E+00   3.0000000E+00
   4.0000000E+00   0.0000000E+00   2.0000000E+00
   3.0000000E+00   0.0000000E+00   1.0000000E+00
   4.0000000E+00   0.0000000E+00   0.0000000E+00
   5.0000000E+00   0.0000000E+00   9.0000000E+00
   6.0000000E+00   0.0000000E+00   1.0000000E+01
   6.0000000E+00   0.0000000E+00   8.0000000E+00
   5.0000000E+00   0.0000000E+00   7.0000000E+00
   6.0000000E+00   0.0000000E+00   6.0000000E+00
   5.0000000E+00   0.0000000E+00   5.0000000E+00
   6.0000000E+00   0.0000000E+00   4.0000000E+00
   5.0000000E+00   0.0000000E+00   3.0000000E+00
   6.0000000E+00   0.0000000E+00   2.0000000E+00
   5.0000000E+00   0.0000000E+00   1.0000000E+00
   6.0000000E+00   0.0000000E+00   0.0000000E+00
   7.0000000E+00   0.0000000E+00   9.0000000E+00
   8.0000000E+00   0.0000000E+00   1.0000000E+01
   8.0000000E+00   0.0000000E+00   8.0000000E+00
   7.0000000E+00   0.0000000E+00   7.0000000E+00
   8.0000000E+00   0.0000000E+00   6.0000000E+00
   7.0000000E+00   0.0000000E+00   5.0000000E+00
   8.0000000E+00   0.0000000E+00   4.0000000E+00
   7.0000000E+00   0.0000000E+00   3.0000000E+00
   8.0000000E+00   0.0000000E+00   2.0000000E+00
   7.0000000E+00   0.0000000E+00   1.0000000E+00
   8.0000000E+00   0.0000000E+00   0.0000000E+00
   9.0000000E+00   0.0000000E+00   9.0000000E+00
   1.0000000E+01   0.0000000E+00   1.0000000E+01
   1.0000000E+01   0.0000000E+00   8.0000000E+00
   9.0000000E+00   0.0000000E+00   7.0000000E+00
   1.0000000E+01   0.0000000E+00   6.0000000E+00
   9.0000000E+00   0.0000000E+00   5.0000000E+00
   1.0000000E+01   0.0000000E+00   4.0000000E+00
   9.0000000E+00   0.0000000E+00   3.0000000E+00
   1.0000000E+01   0.0000000E+00   2.0000000E+00
   9.0000000E+00   0.0000000E+00   1.0000000E+00
   1.0000000E+01   0.0000000E+00   0.0000000E+00
   1.0001000E+01   0.0000000E+00   1.1000000E+01
   1.1001000E+01   0.0000000E+00   1.0000000E+01
   1.2001000E+01   0.0000000E+00   1.1000000E+01
   1.2001000E+01   0.0000000E+00   9.0000000E+00
   1.0001000E+01   0.0000000E+00   9.0000000E+00
   1.1001000E+01   0.0000000E+00   8.0000000E+00
   1.2001000E+01   0.0000000E+00   7.0000000E+00
   1.0001000E+01   0.0000000E+00   7.0000000E+00
   1.1001000E+01   0.0000000E+00   6.0000000E+00
   1.2001000E+01   0.0000000E+00   5.0000000E+00
   1.0001000E+01   0.0000000E+00   5.0000000E+00
   1.1001000E+01   0.0000000E+00   4.0000000E+00
   1.2001000E+01   0.0000000E+00   3.0000000E+00
   1.0001000E+01   0.0000000E+00   3.0000000E+00
   1.1001000E+01   0.0000000E+00   2.0000000E+00
   1.2001000E+01   0.0000000E+00   1.0000000E+00
   1.0001000E+01   0.0000000E+00   1.0000000E+00
   1.1001000E+01   0.0000000E+00   0.0000000E+00
   1.2001000E+01   0.0000000E+00  -1.0000000E+00
   1.0001000E+01   0.0000000E+00  -1.0000000E+00
   2.0000000E+00   6.1232340E-17   1.1000000E+01
   1.0000000E+00   0.0000000E+00   1.2000000E+01
   2.0000000E+00  -6.1232340E-17   1.3000000E+01
   0.0000000E+00  -6.1232340E-17   1.3000000E+01
   0.0000000E+00   6.1232340E-17   1.1000000E+01
! Node number map
explicit map
         1        55        20        21         3        56        22         4
        57        23         5        58        24         6        59         8
         2        60        19        25        61        26        62        27
        63        28        64         9        65        18        29        66
        30        67        31        68        32        69        10        70
        17        33        71        34        72        35        73        36
        74        11        75        12        16        76        15        77
        14        78        13        79         7        37        80        45
        50        39        81        49        40        82        48        41
        83        47        42        84        46        43        85        44
        38        51        86        54        53        52
! Element number map
sequence 1..numel
! Element order map
sequence 1..numel
! Element block    1
         1       100      TRI      ! ID, elements, element type
         3         0      ! nodes per element, attributes
! Connectivity
         1         2         3
         3         2         4
         4         2         5
         5         2         1
         5         6         4
         4         6         7
         7         6         8
         8         6         5
         8         9         7
         7         9        10
        10         9        11
        11         9         8
        11        12        10
        10        12        13
        13        12        14
        14        12        11
        14        15        13
        13        15        16
        16        15        17
        17        15        14
         3        18        19
        19        18        20
        20        18         4
         4        18         3
         4        21        20
        20        21        22
        22        21         7
         7        21         4
         7        23        22
        22        23        24
        24        23        10
        10        23         7
        10        25        24
        24        25        26
        26        25        13
        13        25        10
        13        27        26
        26        27        28
        28        27        16
        16        27        13
        19        29        30
        30        29        31
        31        29        20
        20        29        19
        20        32        31
        31        32        33
        33        32        22
        22        32        20
        22        34        33
        33        34        35
        35        34        24
        24        34        22
        24        36        35
        35        36        37
        37        36        26
        26        36        24
        26        38        37
        37        38        39
        39        38        28
        28        38        26
        30        40        41
        41        40        42
        42        40        31
        31        40        30
        31        43        42
        42        43        44
        44        43        33
        33        43        31
        33        45        44
        44        45        46
        46        45        35
        35        45        33
        35        47        46
        46        47        48
        48        47        37
        37        47        35
        37        49        48
        48        49        50
        50        49        39
        39        49        37
        41        51        52
        52        51        53
        53        51        42
        42        51        41
        42        54        53
        53        54        55
        55        54        44
        44        54        42
        44        56        55
        55        56        57
        57        56        46
        46        56        44
        46        58        57
        57        58        59
        59        58        48
        48        58        46
        48        60        59
        59        60        61
        61        60        50
        50        60        48
! Element block    2
         2        24      TRI      ! ID, elements, element type
         3         0      ! nodes per element, attributes
! Connectivity
        62        63        64
        64        63        65
        65        63        66
        66        63        62
        66        67        65
        65        67        68
        68        67        69
        69        67        66
        69        70        68
        68        70        71
        71        70        72
        72        70        69
        72        73        71
        71        73        74
        74        73        75
        75        73        72
        75        76        74
        74        76        77
        77        76        78
        78        76        75
        78        79        77
        77        79        80
        80        79        81
        81        79        78
! Element block    3
         3         4      TRI      ! ID, elements, element type
         3         0      ! nodes per element, attributes
! Connectivity
        82        83        84
        84        83        85
        85        83        86
        86        83        82
! Node sets                           3
! Len node set node list             86
! Len node set dist fact list        86
! Nodal point set         1
         1        61        61      ! ID, nodes, dist factors
         4     1.0000000E+00
         7     1.0000000E+00
        10     1.0000000E+00
        13     1.0000000E+00
        20     1.0000000E+00
        22     1.0000000E+00
        24     1.0000000E+00
        26     1.0000000E+00
        31     1.0000000E+00
        33     1.0000000E+00
        35     1.0000000E+00
        37     1.0000000E+00
        42     1.0000000E+00
        44     1.0000000E+00
        46     1.0000000E+00
        48     1.0000000E+00
         2     1.0000000E+00
         6     1.0000000E+00
         9     1.0000000E+00
        12     1.0000000E+00
        15     1.0000000E+00
        18     1.0000000E+00
        21     1.0000000E+00
        23     1.0000000E+00
        25     1.0000000E+00
        27     1.0000000E+00
        29     1.0000000E+00
        32     1.0000000E+00
        34     1.0000000E+00
        36     1.0000000E+00
        38     1.0000000E+00
        40     1.0000000E+00
        43     1.0000000E+00
        45     1.0000000E+00
        47     1.0000000E+00
        49     1.0000000E+00
        51     1.0000000E+00
        54     1.0000000E+00
        56     1.0000000E+00
        58     1.0000000E+00
        60     1.0000000E+00
         5     1.0000000E+00
         8     1.0000000E+00
        11     1.0000000E+00
        14     1.0000000E+00
        16     1.0000000E+00
        28     1.0000000E+00
        39     1.0000000E+00
        50     1.0000000E+00
        59     1.0000000E+00
        57     1.0000000E+00
        55     1.0000000E+00
        53     1.0000000E+00
        41     1.0000000E+00
        30     1.0000000E+00
        19     1.0000000E+00
         3     1.0000000E+00
         1     1.0000000E+00
        17     1.0000000E+00
        61     1.0000000E+00
        52     1.0000000E+00
! Nodal point set         2
         2        20        20      ! ID, nodes, dist factors
        63     1.0000000E+00
        67     1.0000000E+00
        70     1.0000000E+00
        73     1.0000000E+00
        76     1.0000000E+00
        79     1.0000000E+00
        66     1.0000000E+00
        69     1.0000000E+00
        72     1.0000000E+00
        75     1.0000000E+00
        78     1.0000000E+00
        77     1.0000000E+00
        74     1.0000000E+00
        71     1.0000000E+00
        68     1.0000000E+00
        65     1.0000000E+00
        62     1.0000000E+00
        81     1.0000000E+00
        80     1.0000000E+00
        64     1.0000000E+00
! Nodal point set         3
         3         5         5      ! ID, nodes, dist factors
        83     1.0000000E+00
        82     1.0000000E+00
        86     1.0000000E+00
        85     1.0000000E+00
        84     1.0000000E+00
! Properties
         1            ! Number of ELEMENT BLOCK Properties
! Property Name: 
ID                              
! Property Value(s): 
         1          2          3
         1            ! Number of NODE SET Properties
! Property Name: 
ID                              
! Property Value(s): 
         1          2          3
         0            ! Number of SIDE SET Properties
! QA Records
         2      ! QA records
CUBIT                           
16.02.3                         
09/02/2022                      
11:20:25                        
exotxt                          
 2.01                           
20220922
14:08:32
! Information Records
         0      ! information records
! Variable names
         0         0         0      ! global, nodal, element variables



